 4.85238098e-01 4.85238098e-01 4.85233385e-01
   4.5020033e-01   4.5020033e-01   4.5019699e-01
   4.5020033e-01   4.5020033e-01   4.5019699e-01
   4.5020033e-01   4.5020033e-01   4.5019699e-01
   4.5020033e-01   4.5020033e-01   4.5019699e-01
   4.5020033e-01   4.5020033e-01   4.5019699e-01
   4.5020033e-01   4.5020033e-01   4.5019699e-01
   4.5020033e-01   4.5020033e-01   4.5019699e-01
   4.5020033e-01   4.5020033e-01   4.5019699e-01
   4.5020033e-01   4.5020033e-01   4.5019699e-01
   4.5020033e-01   4.5020033e-01   4.5019699e-01
   4.5020033e-01   4.5020033e-01   4.5019699e-01
   4.5020033e-01   4.5020033e-01   4.5019699e-01
   4.5020033e-01   4.5020033e-01   4.5019699e-01
   4.5020033e-01   4.5020033e-01   4.5019699e-01
   4.5020033e-01   4.5020033e-01   4.5019699e-01
   4.5020033e-01   4.5020033e-01   4.5019699e-01
   4.7210304e-01   4.7210304e-01   4.7209865e-01
   4.8523810e-01   4.8523810e-01   4.8523338e-01
   4.8523810e-01   4.8523810e-01   4.8523338e-01
