 1.55214071e-01 1.38690472e-02 7.41629556e+04
   3.7599300e-01   1.7960000e-03   2.1902300e-01
   1.5750000e-03   7.0200000e-04   2.0353200e-01
   1.5620000e-03   8.6000000e-04   2.0247500e-01
   1.8020000e-03   5.5100000e-04   1.7233500e-01
   1.4850000e-03   5.5600000e-04   1.2088300e-01
   1.5750000e-03   5.4800000e-04   1.7144400e-01
   1.5680000e-03   5.4900000e-04   1.2012900e-01
   1.5700000e-03   5.5500000e-04   1.1746400e-01
   1.5040000e-03   5.4400000e-04   1.1689300e-01
   1.5870000e-03   6.2300000e-04   4.5996000e-02
   1.5000000e-03   5.5100000e-04   2.9057000e-02
   1.4960000e-03   5.6500000e-04   3.0723000e-02
   1.4160000e-03   5.5600000e-04   2.8721000e-02
   1.4670000e-03   5.5100000e-04   3.9489000e-02
   1.4610000e-03   7.2400000e-04   2.8343000e-02
   1.5530000e-03   7.0800000e-04   2.8617000e-02
   1.3717000e-02   1.5280000e-03   4.7117600e-01
   1.0284600e-01   1.4015000e-02   8.0073370e+00
   9.1003000e-02   1.3897000e-02   7.9555560e+00
   3.9503600e-01   2.8010000e-03   5.0196600e-01
   8.1696000e-02   1.4867000e-02   7.8941250e+00
