 4.85238098e-01 4.85238098e-01 4.85233385e-01
   4.5020033e-01   4.5020033e-01   4.5019699e-01
   4.5020033e-01   4.5020033e-01   4.5019699e-01
   4.5020033e-01   4.5020033e-01   4.5019699e-01
   4.5020033e-01   4.5020033e-01   4.5019699e-01
   4.5020033e-01   4.5020033e-01   4.5019699e-01
   4.5020033e-01   4.5020033e-01   4.5019699e-01
   4.5020033e-01   4.5020033e-01   4.5019699e-01
   4.5020033e-01   4.5020033e-01   4.5019699e-01
   4.5020033e-01   4.5020033e-01   4.5019699e-01
   4.5020033e-01   4.5020033e-01   4.5019699e-01
   4.5020033e-01   4.5020033e-01   4.5019699e-01
   4.5020033e-01   4.5020033e-01   4.5019699e-01
   4.5020033e-01   4.5020033e-01   4.5019699e-01
   4.5020033e-01   4.5020033e-01   4.5019699e-01
   4.5020033e-01   4.5020033e-01   4.5019699e-01
   4.5020033e-01   4.5020033e-01   4.5019699e-01
   4.7210304e-01   4.7210304e-01   4.7209865e-01
   4.8523810e-01   4.8523810e-01   4.8523338e-01
   4.8523810e-01   4.8523810e-01   4.8523338e-01
   4.7210304e-01   4.7210304e-01   4.7209865e-01
   4.8523810e-01   4.8523810e-01   4.8523338e-01
   4.5020033e-01   4.5020033e-01   4.5019699e-01
   4.5020033e-01   4.5020033e-01   4.5019699e-01
   4.5020033e-01   4.5020033e-01   4.5019699e-01
   4.5020033e-01   4.5020033e-01   4.5019699e-01
   4.8523810e-01   4.8523810e-01   4.8523338e-01
   4.7210304e-01   4.7210304e-01   4.7209865e-01
   4.7210304e-01   4.7210304e-01   4.7209865e-01
   1.5148068e-03   1.5148068e-03   1.5104197e-03
   5.7558874e-03   5.7558874e-03   5.7525462e-03
   3.8961342e-04   3.8961342e-04   3.8490006e-04
   9.8866122e-05   9.8866122e-05   9.3971818e-05
   2.4522702e-05   2.4522702e-05   1.9536572e-05
   5.7558874e-03   5.7558874e-03   5.7525462e-03
   1.5148068e-03   1.5148068e-03   1.5104197e-03
   3.8961342e-04   3.8961342e-04   3.8490006e-04
   3.8961342e-04   3.8961342e-04   3.8490006e-04
   3.8961342e-04   3.8961342e-04   3.8490006e-04
   3.8961342e-04   3.8961342e-04   3.8490006e-04
   3.8961342e-04   3.8961342e-04   3.8490006e-04
   3.8961342e-04   3.8961342e-04   3.8490006e-04
   3.8961342e-04   3.8961342e-04   3.8490006e-04
   3.8961342e-04   3.8961342e-04   3.8490006e-04
   3.6233517e-02   3.6233517e-02   3.6232855e-02
   9.9269652e-03   9.9269652e-03   9.9241753e-03
   1.3982663e-02   1.3982663e-02   1.3980316e-02
   1.3982663e-02   1.3982663e-02   1.3980316e-02
   1.3982663e-02   1.3982663e-02   1.3980316e-02
   5.7558874e-03   5.7558874e-03   5.7525462e-03
   1.5148068e-03   1.5148068e-03   1.5104197e-03
   3.8961342e-04   3.8961342e-04   3.8490006e-04
   9.8866122e-05   9.8866122e-05   9.3971818e-05
   1.5148068e-03   1.5148068e-03   1.5104197e-03
   1.5148068e-03   1.5148068e-03   1.5104197e-03
   1.5148068e-03   1.5148068e-03   1.5104197e-03
   1.5148068e-03   1.5148068e-03   1.5104197e-03
   1.5148068e-03   1.5148068e-03   1.5104197e-03
   3.8961342e-04   3.8961342e-04   3.8490006e-04
   3.8961342e-04   3.8961342e-04   3.8490006e-04
   3.8961342e-04   3.8961342e-04   3.8490006e-04
   3.8961342e-04   3.8961342e-04   4.8021776e-01
   3.8961342e-04   3.8961342e-04   4.8021776e-01
   3.8961342e-04   3.8961342e-04   3.8490006e-04
   3.8961342e-04   3.8961342e-04   3.8490006e-04
   3.8961342e-04   3.8961342e-04   3.8490006e-04
   2.1211715e-02   2.1211715e-02   2.1209594e-02
   2.1211715e-02   2.1211715e-02   2.1209594e-02
   2.1211715e-02   2.1211715e-02   2.1207472e-02
   1.5148068e-03   1.5148068e-03   1.5063217e-03
   3.8961342e-04   3.8961342e-04   3.8016862e-04
   3.8961342e-04   3.8961342e-04   3.8016862e-04
   1.5148068e-03   1.5148068e-03   1.5063217e-03
   3.8961342e-04   3.8961342e-04   3.8016862e-04
   1.5148068e-03   1.5148068e-03   1.5063217e-03
   3.8961342e-04   3.8961342e-04   3.8016862e-04
   3.8961342e-04   3.8961342e-04   3.8016862e-04
   9.8866122e-05   9.8866122e-05   8.9066967e-05
   9.8866122e-05   9.8866122e-05   8.9066967e-05
   3.8961342e-04   3.8961342e-04   3.8016862e-04
   3.8961342e-04   3.8961342e-04   3.8016862e-04
   3.8961342e-04   3.8961342e-04   3.8016862e-04
   9.8866122e-05   9.8866122e-05   8.9066967e-05
 1.51480680e-03 1.51480680e-03 1.50632169e-03
 1.51480680e-03 1.51480680e-03 1.50632169e-03
 1.50632169e-03
 1.50632169e-03
 1.50632169e-03
   1.5063217e-03
   1.5063217e-03
   1.5063217e-03
