 1.55214071e-01 1.38690472e-02 7.41629556e+04
   3.7599300e-01   1.7960000e-03   2.1902300e-01
   1.5750000e-03   7.0200000e-04   2.0353200e-01
   1.5620000e-03   8.6000000e-04   2.0247500e-01
   1.8020000e-03   5.5100000e-04   1.7233500e-01
   1.4850000e-03   5.5600000e-04   1.2088300e-01
   1.5750000e-03   5.4800000e-04   1.7144400e-01
   1.5680000e-03   5.4900000e-04   1.2012900e-01
   1.5700000e-03   5.5500000e-04   1.1746400e-01
   1.5040000e-03   5.4400000e-04   1.1689300e-01
   1.5870000e-03   6.2300000e-04   4.5996000e-02
   1.5000000e-03   5.5100000e-04   2.9057000e-02
   1.4960000e-03   5.6500000e-04   3.0723000e-02
   1.4160000e-03   5.5600000e-04   2.8721000e-02
   1.4670000e-03   5.5100000e-04   3.9489000e-02
   1.4610000e-03   7.2400000e-04   2.8343000e-02
   1.5530000e-03   7.0800000e-04   2.8617000e-02
   1.3717000e-02   1.5280000e-03   4.7117600e-01
   1.0284600e-01   1.4015000e-02   8.0073370e+00
   9.1003000e-02   1.3897000e-02   7.9555560e+00
   3.9503600e-01   2.8010000e-03   5.0196600e-01
   8.1696000e-02   1.4867000e-02   7.8941250e+00
   1.5100000e-03   7.3200000e-04   2.9219000e-02
   1.2750000e-03   3.8500000e-04   2.8005000e-02
   1.3110000e-03   3.9600000e-04   2.8080000e-02
   1.3130000e-03   4.1600000e-04   2.9305000e-02
   7.9602000e-02   1.4655000e-02   7.9136440e+00
   1.2821000e-02   1.5130000e-03   4.6943600e-01
   1.2295000e-02   2.0590000e-03   5.5127700e-01
   7.7696000e-02   3.5700000e-03   5.1684100e-01
   1.6140000e-03   7.1600000e-04   3.4993000e-02
   1.1169500e-01   1.5302000e-02   8.2962960e+00
   2.8228060e+00   1.8889800e-01   1.3901129e+02
   2.4132418e+02   2.9574920e+00   2.3679135e+03
   2.8100000e-03   1.0580000e-03   3.6265000e-02
   8.7830000e-03   2.1290000e-03   5.7372300e-01
   1.0189600e-01   1.7127000e-02   9.0971680e+00
   1.0437500e-01   2.0853000e-02   9.0084180e+00
   1.5069900e-01   1.9833000e-02   9.2813030e+00
   2.0563200e-01   1.9821000e-02   8.6644640e+00
   1.0071300e-01   1.5708000e-02   8.5614130e+00
   9.8800000e-02   1.6208000e-02   8.6470570e+00
   1.0589900e-01   1.9631000e-02   8.7610280e+00
   1.0196000e-01   1.8669000e-02   8.7286340e+00
   1.9040000e-03   2.5480000e-03   7.4660000e-03
   2.1140000e-03   6.5200000e-04   2.1162000e-02
   2.0060000e-03   3.0400000e-04   7.1740000e-02
   8.3140000e-03   1.1980000e-03   1.9469000e-02
   6.1240000e-03   1.1940000e-03   9.4940000e-03
   2.3460000e-03   1.0960000e-03   4.2358000e-02
   7.7380000e-03   1.8590000e-03   5.3128800e-01
   1.0293500e-01   1.5169000e-02   8.7523210e+00
   3.1869340e+00   2.1906500e-01   1.4588406e+02
   5.9351900e-01   4.6180000e-03   8.3437900e-01
   1.3278400e-01   4.8060000e-03   6.1870500e-01
   1.0042000e-02   4.7930000e-03   5.7811600e-01
   1.6026000e-02   3.5510000e-03   5.2181800e-01
   1.9424400e+00   3.3756000e-02   8.1111100e-01
   1.4754900e-01   2.1521000e-02   8.8645810e+00
   1.2810800e-01   2.9993000e-02   9.0380550e+00
   1.8176400e-01   2.7046000e-02   9.5432950e+00
   1.6133900e-01   2.5995000e-02   5.3626000e-02
   1.4789300e-01   1.5379000e-02   1.6831000e-02
   1.2468600e-01   3.2517000e-02   9.5393400e+00
   1.4674800e-01   2.0921000e-02   9.0332150e+00
   1.3292900e-01   3.5695000e-02   1.5940058e+01
   1.5614900e-01   2.9320000e-03   6.3503000e-02
   1.3290000e-03   3.5000000e-04   2.3555000e-02
   5.2672100e-01   2.5170000e-03   4.6605000e-02
   1.2747000e-02   1.9520000e-03   4.6737200e-01
   1.3679300e-01   2.9942000e-02   7.8467700e+00
   1.1918200e-01   2.2927000e-02   7.9080120e+00
   8.0880000e-03   1.8470000e-03   5.1092700e-01
   1.2737000e-01   2.9530000e-02   8.2511460e+00
   6.0460000e-03   2.2510000e-03   3.1339900e-01
   1.4083400e-01   2.2426000e-02   4.4374040e+00
   1.0728600e-01   1.5269000e-02   7.0579800e-01
   5.3046290e+00   1.2196460e+00   1.1526686e+01
   4.3581790e+00   2.5217800e-01   1.0448333e+01
   1.2458200e-01   2.2470000e-02   6.3248500e-01
   1.3008000e-01   2.1023000e-02   6.3999400e-01
   1.4125100e-01   2.2754000e-02   6.6518500e-01
   4.4578350e+00   3.1061300e-01   1.0739560e+01
 3.27535868e-01 9.68790054e-03 2.47446790e+01
 5.19487143e-01 4.79669571e-02 2.36544371e+01
 2.44168859e+01
 2.45148849e+01
